{
 "cells": [
  {
   "cell_type": "markdown",
   "id": "332b087f",
   "metadata": {},
   "source": [
    "## Section 6: Numerical Linear Algebra Operations Using Singular Value Decomp with NumPy and SciPy\n",
    "\n",
    "In the previous section, we introduced numerical linear algebra routines in NumPy and SciPy.   We discussed basic linear algebra operations -- vector norms, determinants, vector & matrix multplications,  etc -- and how to solve systems of linear equations by writing the equations in the form $\\textbf{Ax}$ = $\\textbf{b}$ and inverting $\\textbf{A}$ to solve for $\\textbf{x}$.\n",
    "\n",
    "Now, we will build upon this foundation by discussing NumPy/SciPy's implementations of singular value decomposition here.  In the next section, we will discuss eigenvector/eigenvalue decomposition and how these concepts are connected."
   ]
  },
  {
   "cell_type": "markdown",
   "id": "98285a3c",
   "metadata": {},
   "source": [
    "### Implementation of Singular Value Decomposition (SVD) in Python\n",
    "\n",
    "Singular value decomposition is another ultra-powerful linear algebra operation.   For my research, it becomes especially powerful in cases where the data are noisy, such that a full matrix inversion tends to amplify noise (which, you know, is bad).   Because we live in the real world, _all_ data are noisy to some level, sometimes at a level that matters. Hence SVD.\n",
    "\n",
    "SVD decomposes a matrix of $m$ rows and $n$ columns into the product of three matrices: the left singular matrix $U$, a diagonal matrix containing the singular values $\\Sigma$, and a right singular matrix $V^{T}$ (\"the transpose of V\"):\n",
    "\n",
    "$\\textbf{A}$ = $\\textbf{U}$ ${\\Sigma}$ $\\textbf{V}$$^{T}$\n",
    "\n",
    "Note that the dimensions of each of these matrices is different: the left singular matrix $U$ has dimensions of $mxm$ (i.e. a square matrix equal to the number of rows), the diagonal matrix containing singular values $\\Sigma$ have $mxn$ dimensions, and the right singular matrix $V^{T}$  has $nxn$ dimensions.   Note that, being a diagonal matrix, $\\Sigma$ = 0 for off-diagonal terms (i.e. $\\Sigma_{ij}$ = 0 for i $\\ne$ j); along the diagonal, $\\Sigma$ has entries $\\sigma$, where $\\sigma_{i}$ $\\ge$ 0 and $\\sigma_{1}$ $\\ge$ $\\sigma_{2}$ and so on.\n",
    "\n",
    "The columns $m$ of $U$ and columns $n$ of $V$ are \"left singular vectors\" and \"right singular vectors\", respectively."
   ]
  },
  {
   "cell_type": "markdown",
   "id": "c241b2ef",
   "metadata": {},
   "source": [
    "In Numpy, the function to do SVD is ``np.linalg.svd``, which returns a 3-element tuple of NumPy arrays.  E.g. "
   ]
  },
  {
   "cell_type": "code",
   "execution_count": 1,
   "id": "a35d4c60-88f7-4378-9129-668c905e37b9",
   "metadata": {},
   "outputs": [],
   "source": [
    "import numpy as np"
   ]
  },
  {
   "cell_type": "code",
   "execution_count": 2,
   "id": "0120be57-4aef-4999-848b-440b0a116db1",
   "metadata": {},
   "outputs": [
    {
     "data": {
      "text/plain": [
       "array([[ 1,  2,  3,  4],\n",
       "       [ 5,  6,  7,  8],\n",
       "       [ 9, 10, 11, 12],\n",
       "       [13, 14, 15, 16],\n",
       "       [17, 18, 19, 20]])"
      ]
     },
     "execution_count": 2,
     "metadata": {},
     "output_type": "execute_result"
    }
   ],
   "source": [
    "aaa=np.array([[1,2,3,4],[5,6,7,8],[9,10,11,12],[13,14,15,16],[17,18,19,20]])\n",
    "\n",
    "aaa.shape\n",
    "#(5,4)\n",
    "aaa"
   ]
  },
  {
   "cell_type": "code",
   "execution_count": 3,
   "id": "e3adfe61-88f1-424d-924b-c7489981b6e8",
   "metadata": {},
   "outputs": [],
   "source": [
    "U,s,Vt=np.linalg.svd(aaa)"
   ]
  },
  {
   "cell_type": "code",
   "execution_count": 4,
   "id": "24ace9f0-6f4a-4e30-b823-b646c4728b62",
   "metadata": {},
   "outputs": [
    {
     "data": {
      "text/plain": [
       "4"
      ]
     },
     "execution_count": 4,
     "metadata": {},
     "output_type": "execute_result"
    }
   ],
   "source": [
    "len(s)"
   ]
  },
  {
   "cell_type": "code",
   "execution_count": 5,
   "id": "13b75ce6-3feb-46d9-a868-cd633ae5f7a9",
   "metadata": {},
   "outputs": [
    {
     "name": "stdout",
     "output_type": "stream",
     "text": [
      "(4,)\n"
     ]
    },
    {
     "data": {
      "text/plain": [
       "array([5.35202225e+01, 2.36342639e+00, 2.80168688e-15, 3.27120515e-16])"
      ]
     },
     "execution_count": 5,
     "metadata": {},
     "output_type": "execute_result"
    }
   ],
   "source": [
    "print(s.shape)\n",
    "s"
   ]
  },
  {
   "cell_type": "code",
   "execution_count": 6,
   "id": "ebbb524d-b051-46e0-9510-19f9ae97d44a",
   "metadata": {},
   "outputs": [
    {
     "name": "stdout",
     "output_type": "stream",
     "text": [
      "(5, 4)\n"
     ]
    },
    {
     "data": {
      "text/plain": [
       "array([[0., 0., 0., 0.],\n",
       "       [0., 0., 0., 0.],\n",
       "       [0., 0., 0., 0.],\n",
       "       [0., 0., 0., 0.],\n",
       "       [0., 0., 0., 0.]])"
      ]
     },
     "execution_count": 6,
     "metadata": {},
     "output_type": "execute_result"
    }
   ],
   "source": [
    "S=np.zeros(np.shape(aaa)) ##THIS IS IMPORTANT!\n",
    "\n",
    "print(S.shape)\n",
    "S"
   ]
  },
  {
   "cell_type": "code",
   "execution_count": 7,
   "id": "c9085c1c-4131-4f61-8905-9448ad98bd62",
   "metadata": {},
   "outputs": [
    {
     "data": {
      "text/plain": [
       "array([[5.35202225e+01, 0.00000000e+00, 0.00000000e+00, 0.00000000e+00],\n",
       "       [0.00000000e+00, 2.36342639e+00, 0.00000000e+00, 0.00000000e+00],\n",
       "       [0.00000000e+00, 0.00000000e+00, 2.80168688e-15, 0.00000000e+00],\n",
       "       [0.00000000e+00, 0.00000000e+00, 0.00000000e+00, 3.27120515e-16],\n",
       "       [0.00000000e+00, 0.00000000e+00, 0.00000000e+00, 0.00000000e+00]])"
      ]
     },
     "execution_count": 7,
     "metadata": {},
     "output_type": "execute_result"
    }
   ],
   "source": [
    "np.fill_diagonal(S,s)\n",
    "\n",
    "S"
   ]
  },
  {
   "cell_type": "code",
   "execution_count": 8,
   "id": "33bcd1e6-6da3-4b24-ba58-068dcb00f1ed",
   "metadata": {},
   "outputs": [],
   "source": [
    "#note, another way of doing this is ...\n",
    "\n",
    "S=np.zeros((aaa.shape[0],aaa.shape[1]))\n",
    "S[:aaa.shape[1],:aaa.shape[1]]=np.diag(s)"
   ]
  },
  {
   "cell_type": "code",
   "execution_count": 9,
   "id": "da7ecc4a-d222-4e0c-ac9a-651388877070",
   "metadata": {},
   "outputs": [
    {
     "data": {
      "text/plain": [
       "array([[ 1,  2,  3,  4],\n",
       "       [ 5,  6,  7,  8],\n",
       "       [ 9, 10, 11, 12],\n",
       "       [13, 14, 15, 16],\n",
       "       [17, 18, 19, 20]])"
      ]
     },
     "execution_count": 9,
     "metadata": {},
     "output_type": "execute_result"
    }
   ],
   "source": [
    "#Array values\n",
    "aaa"
   ]
  },
  {
   "cell_type": "code",
   "execution_count": 10,
   "id": "16f183ca-d3b5-4cbd-840d-4f97dbfc832d",
   "metadata": {},
   "outputs": [
    {
     "name": "stdout",
     "output_type": "stream",
     "text": [
      "U is \n",
      " [[-0.09654784 -0.76855612  0.63114024  0.02921332  0.02843553]\n",
      " [-0.24551564 -0.4896142  -0.60188109 -0.56760967 -0.12473335]\n",
      " [-0.39448345 -0.21067228 -0.36930947  0.63064774  0.51564906]\n",
      " [-0.54345125  0.06826963  0.01970126  0.32468027 -0.77084018]\n",
      " [-0.69241905  0.34721155  0.32034906 -0.41693165  0.35148894]]\n",
      "S is \n",
      " [[5.35202225e+01 0.00000000e+00 0.00000000e+00 0.00000000e+00]\n",
      " [0.00000000e+00 2.36342639e+00 0.00000000e+00 0.00000000e+00]\n",
      " [0.00000000e+00 0.00000000e+00 2.80168688e-15 0.00000000e+00]\n",
      " [0.00000000e+00 0.00000000e+00 0.00000000e+00 3.27120515e-16]\n",
      " [0.00000000e+00 0.00000000e+00 0.00000000e+00 0.00000000e+00]]\n",
      "Vt is \n",
      " [[-0.44301884 -0.47987252 -0.51672621 -0.55357989]\n",
      " [ 0.70974242  0.26404992 -0.18164258 -0.62733508]\n",
      " [ 0.40990689 -0.81731953  0.40491839  0.00249425]\n",
      " [-0.36328548  0.17885409  0.73214827 -0.54771688]]\n"
     ]
    }
   ],
   "source": [
    "#U\n",
    "print('U is \\n',U)\n",
    "       \n",
    "#S\n",
    "print('S is \\n',S)\n",
    "       \n",
    "#Vt\n",
    "print('Vt is \\n',Vt)"
   ]
  },
  {
   "cell_type": "code",
   "execution_count": 11,
   "id": "8efe1e8e-1424-4288-8b66-aed6685ac002",
   "metadata": {},
   "outputs": [
    {
     "data": {
      "text/plain": [
       "(5, 5)"
      ]
     },
     "execution_count": 11,
     "metadata": {},
     "output_type": "execute_result"
    }
   ],
   "source": [
    "#dimensionality\n",
    "\n",
    "U.shape\n",
    "#(5,5)"
   ]
  },
  {
   "cell_type": "code",
   "execution_count": 12,
   "id": "6a81ed54-4eac-43bb-81c4-4dbfcc7efb66",
   "metadata": {},
   "outputs": [
    {
     "data": {
      "text/plain": [
       "(5, 4)"
      ]
     },
     "execution_count": 12,
     "metadata": {},
     "output_type": "execute_result"
    }
   ],
   "source": [
    "S.shape\n",
    "#(5,4)"
   ]
  },
  {
   "cell_type": "code",
   "execution_count": 13,
   "id": "4ad0a096-c812-4b1f-9ba4-4e3e5506730b",
   "metadata": {},
   "outputs": [
    {
     "data": {
      "text/plain": [
       "(4, 4)"
      ]
     },
     "execution_count": 13,
     "metadata": {},
     "output_type": "execute_result"
    }
   ],
   "source": [
    "Vt.shape\n",
    "#(4,4)\n"
   ]
  },
  {
   "cell_type": "code",
   "execution_count": 14,
   "id": "e03cef2d-5a33-49fe-8056-a17828154365",
   "metadata": {},
   "outputs": [
    {
     "name": "stdout",
     "output_type": "stream",
     "text": [
      "[[ 1.  2.  3.  4.]\n",
      " [ 5.  6.  7.  8.]\n",
      " [ 9. 10. 11. 12.]\n",
      " [13. 14. 15. 16.]\n",
      " [17. 18. 19. 20.]]\n"
     ]
    }
   ],
   "source": [
    "reconstructed_mat=np.dot(U,S).dot(Vt) #multiply each of these matrices together\n",
    "print(reconstructed_mat)"
   ]
  },
  {
   "cell_type": "code",
   "execution_count": 15,
   "id": "cf737f3d-97d6-43e5-973c-ee038509b199",
   "metadata": {},
   "outputs": [
    {
     "data": {
      "text/plain": [
       "array([[0.00000000e+00, 8.88178420e-15, 8.43769499e-15, 1.46549439e-14],\n",
       "       [0.00000000e+00, 0.00000000e+00, 8.88178420e-16, 3.55271368e-15],\n",
       "       [0.00000000e+00, 3.55271368e-15, 1.77635684e-15, 7.10542736e-15],\n",
       "       [0.00000000e+00, 3.55271368e-15, 3.55271368e-15, 1.06581410e-14],\n",
       "       [3.55271368e-15, 7.10542736e-15, 7.10542736e-15, 1.42108547e-14]])"
      ]
     },
     "execution_count": 15,
     "metadata": {},
     "output_type": "execute_result"
    }
   ],
   "source": [
    "#confirm that this is equal to the original matrix aaa within machine precision\n",
    "residual=aaa-reconstructed_mat\n",
    "\n",
    "residual"
   ]
  },
  {
   "cell_type": "markdown",
   "id": "995cd460",
   "metadata": {},
   "source": [
    "In the above example, note the cautions about the singular value matrix, $s$.  What np.linalg.svd actually returns for $s$ is a 1-D vector of singular values (my guess is that this is for speed/memory issues). \n",
    "\n",
    "So, caution: $\\Sigma$ is a diagonal matrix with these values, but the matrix itself is 2-D (the off-diagonal elements are zero).  To get the full middle matrix you have to create another array equal in dimensionality to the original matrix, set all elements originally to zero, and then fill the diagonals with $s$.  "
   ]
  },
  {
   "cell_type": "markdown",
   "id": "48511815",
   "metadata": {},
   "source": [
    "Before proceeding, there are a few other useful things to note.  \n",
    "\n",
    "First,  1) the matrices $U$ and $V$ are _orthogonal_ matrices, so the column vectors making up $U$ and $V$ comprise an orthonormal (perpendicular) set of vectors, so they have a norm of 1.  \n",
    "\n",
    " We can confirm that the norm of each column vector is 1\n",
    " "
   ]
  },
  {
   "cell_type": "code",
   "execution_count": 16,
   "id": "9ccae44d-0a5f-4faa-aaf7-bc863aa2598a",
   "metadata": {},
   "outputs": [
    {
     "data": {
      "text/plain": [
       "0.9999999999999998"
      ]
     },
     "execution_count": 16,
     "metadata": {},
     "output_type": "execute_result"
    }
   ],
   "source": [
    "np.linalg.norm(U[:,0])"
   ]
  },
  {
   "cell_type": "code",
   "execution_count": 19,
   "id": "bd39e3cb-1b80-4daa-a2fe-5af80a5fef2e",
   "metadata": {},
   "outputs": [
    {
     "name": "stdout",
     "output_type": "stream",
     "text": [
      "0.9999999999999999\n",
      "0.9999999999999999\n"
     ]
    }
   ],
   "source": [
    "print(np.linalg.norm(U[:,2]) )# also 1\n",
    "\n",
    "print(np.linalg.norm(U[:,3])) #still 1"
   ]
  },
  {
   "cell_type": "markdown",
   "id": "50e5863f",
   "metadata": {},
   "source": [
    "Second, 2) for orthogonal matrices like $U$ and $V$, $UU^{T}$ = $U^{T}U$ = $I$ and $VV^{T}$ = $V^{T}V$  = $I$.   \n",
    "\n",
    "We can see this is the case as follows:\n",
    "e.g.\n",
    "\n",
    "$U^{T}$ $x$ $U$ = ($u_{1}$ ... $u_{n}$ )$^{T}$($u_{1}$ ... $u_{n}$ )\n",
    "\n",
    "$U^{T}$ $x$ $U$ = $\\left(\\begin{array}{@{}c@{}}\n",
    "u_{1}\\\\\n",
    "... \\\\\n",
    "u_{n}\n",
    " \\end{array} \\right)$\n",
    " ($u_{1}$ ... $u_{n}$ ), which yields\n",
    " \n",
    " $\\left( {\\begin{array}{cc}\n",
    "  u_{1}.u_{1}  & ...  & u_{1}.u_{n}\\\\\n",
    "   ... & ...   & ...\\\\\n",
    "   u_{n}.u_{1} & ... & u_{n}.u_{n} \n",
    "  \\end{array} } \\right)$ \n",
    "  \n",
    "  Since the vectors making up $U$ are pairwise perpendicular (i.e. orthogonal), then \n",
    "  \n",
    "  $u_{i}.u_{j}$ = 1 if $i$ = $j$\n",
    "  \n",
    "  else\n",
    "  \n",
    "  $u_{i}.u_{j}$ = 0 if $i$ $\\ne$ $j$\n",
    "  \n",
    "  "
   ]
  },
  {
   "cell_type": "markdown",
   "id": "d454876c",
   "metadata": {},
   "source": [
    "  We can confirm this using NumPy's dot product calculation\n",
    "  "
   ]
  },
  {
   "cell_type": "code",
   "execution_count": 20,
   "id": "071dcf6d",
   "metadata": {},
   "outputs": [
    {
     "data": {
      "text/plain": [
       "array([[ 1.00000000e+00,  4.96258086e-17, -1.44255606e-16,\n",
       "        -2.57194493e-16, -3.86194699e-16],\n",
       "       [ 4.96258086e-17,  1.00000000e+00,  1.04707288e-16,\n",
       "         1.68668157e-17, -1.93836627e-16],\n",
       "       [-1.44255606e-16,  1.04707288e-16,  1.00000000e+00,\n",
       "        -1.79391599e-16, -8.91621821e-17],\n",
       "       [-2.57194493e-16,  1.68668157e-17, -1.79391599e-16,\n",
       "         1.00000000e+00, -1.21868168e-16],\n",
       "       [-3.86194699e-16, -1.93836627e-16, -8.91621821e-17,\n",
       "        -1.21868168e-16,  1.00000000e+00]])"
      ]
     },
     "execution_count": 20,
     "metadata": {},
     "output_type": "execute_result"
    }
   ],
   "source": [
    "np.dot(U,U.T)\n",
    "\n"
   ]
  },
  {
   "cell_type": "markdown",
   "id": "c2ad688e",
   "metadata": {},
   "source": [
    "Third, 3) a further consequence of this property is that the inverse of $U$ or $V$ is equal to its transpose.   E.g. $U^{T}$ = $U^{-1}$.   \n",
    "\n",
    "We can see this as follows:"
   ]
  },
  {
   "cell_type": "code",
   "execution_count": 21,
   "id": "3055fcf8-9a44-40a1-a936-fae72344ba99",
   "metadata": {},
   "outputs": [
    {
     "name": "stdout",
     "output_type": "stream",
     "text": [
      "[[-0.09654784 -0.24551564 -0.39448345 -0.54345125 -0.69241905]\n",
      " [-0.76855612 -0.4896142  -0.21067228  0.06826963  0.34721155]\n",
      " [ 0.63114024 -0.60188109 -0.36930947  0.01970126  0.32034906]\n",
      " [ 0.02921332 -0.56760967  0.63064774  0.32468027 -0.41693165]\n",
      " [ 0.02843553 -0.12473335  0.51564906 -0.77084018  0.35148894]]\n"
     ]
    }
   ],
   "source": [
    "print(np.linalg.inv(U))"
   ]
  },
  {
   "cell_type": "code",
   "execution_count": 22,
   "id": "0ea533c5-2d83-4041-888e-124e17916c8b",
   "metadata": {},
   "outputs": [
    {
     "name": "stdout",
     "output_type": "stream",
     "text": [
      "\n",
      "[[-0.09654784 -0.24551564 -0.39448345 -0.54345125 -0.69241905]\n",
      " [-0.76855612 -0.4896142  -0.21067228  0.06826963  0.34721155]\n",
      " [ 0.63114024 -0.60188109 -0.36930947  0.01970126  0.32034906]\n",
      " [ 0.02921332 -0.56760967  0.63064774  0.32468027 -0.41693165]\n",
      " [ 0.02843553 -0.12473335  0.51564906 -0.77084018  0.35148894]]\n",
      "\n"
     ]
    }
   ],
   "source": [
    "       \n",
    "print('')      \n",
    "print(U.T)\n",
    "print('')\n",
    " "
   ]
  },
  {
   "cell_type": "code",
   "execution_count": 23,
   "id": "5e5ff6d1-b33b-4a35-9f33-84b08ea59e74",
   "metadata": {},
   "outputs": [
    {
     "name": "stdout",
     "output_type": "stream",
     "text": [
      "[[ 1.00000000e+00  4.96258086e-17 -1.44255606e-16 -2.57194493e-16\n",
      "  -3.86194699e-16]\n",
      " [ 4.96258086e-17  1.00000000e+00  1.04707288e-16  1.68668157e-17\n",
      "  -1.93836627e-16]\n",
      " [-1.44255606e-16  1.04707288e-16  1.00000000e+00 -1.79391599e-16\n",
      "  -8.91621821e-17]\n",
      " [-2.57194493e-16  1.68668157e-17 -1.79391599e-16  1.00000000e+00\n",
      "  -1.21868168e-16]\n",
      " [-3.86194699e-16 -1.93836627e-16 -8.91621821e-17 -1.21868168e-16\n",
      "   1.00000000e+00]]\n"
     ]
    }
   ],
   "source": [
    "             \n",
    "uut=np.dot(U,U.T)\n",
    "print(uut)"
   ]
  },
  {
   "cell_type": "markdown",
   "id": "6de16209",
   "metadata": {},
   "source": [
    "These points will end up being useful when we try to (pseudo-)invert matrices using SVD (see below).\n",
    "\n",
    "### (Pseudo-)Inverting Matrices Using SVD\n",
    "\n",
    "SVD has particular power when it comes to matrix inversions.  First, let's try to directly invert the matrix ``aaa`` and see what happens:"
   ]
  },
  {
   "cell_type": "code",
   "execution_count": 24,
   "id": "eccf28a4-0306-436c-95f1-75e33e71ac16",
   "metadata": {},
   "outputs": [
    {
     "data": {
      "text/plain": [
       "(5, 4)"
      ]
     },
     "execution_count": 24,
     "metadata": {},
     "output_type": "execute_result"
    }
   ],
   "source": [
    "aaa.shape\n",
    "#(5,4)\n"
   ]
  },
  {
   "cell_type": "code",
   "execution_count": 25,
   "id": "788e5d08-e4d0-4fd1-b6ec-eaf877fba975",
   "metadata": {},
   "outputs": [
    {
     "ename": "LinAlgError",
     "evalue": "Last 2 dimensions of the array must be square",
     "output_type": "error",
     "traceback": [
      "\u001b[0;31m---------------------------------------------------------------------------\u001b[0m",
      "\u001b[0;31mLinAlgError\u001b[0m                               Traceback (most recent call last)",
      "Cell \u001b[0;32mIn[25], line 1\u001b[0m\n\u001b[0;32m----> 1\u001b[0m np\u001b[38;5;241m.\u001b[39mlinalg\u001b[38;5;241m.\u001b[39minv(aaa)\n",
      "File \u001b[0;32m~/anaconda3/lib/python3.12/site-packages/numpy/linalg/linalg.py:556\u001b[0m, in \u001b[0;36minv\u001b[0;34m(a)\u001b[0m\n\u001b[1;32m    554\u001b[0m a, wrap \u001b[38;5;241m=\u001b[39m _makearray(a)\n\u001b[1;32m    555\u001b[0m _assert_stacked_2d(a)\n\u001b[0;32m--> 556\u001b[0m _assert_stacked_square(a)\n\u001b[1;32m    557\u001b[0m t, result_t \u001b[38;5;241m=\u001b[39m _commonType(a)\n\u001b[1;32m    559\u001b[0m signature \u001b[38;5;241m=\u001b[39m \u001b[38;5;124m'\u001b[39m\u001b[38;5;124mD->D\u001b[39m\u001b[38;5;124m'\u001b[39m \u001b[38;5;28;01mif\u001b[39;00m isComplexType(t) \u001b[38;5;28;01melse\u001b[39;00m \u001b[38;5;124m'\u001b[39m\u001b[38;5;124md->d\u001b[39m\u001b[38;5;124m'\u001b[39m\n",
      "File \u001b[0;32m~/anaconda3/lib/python3.12/site-packages/numpy/linalg/linalg.py:213\u001b[0m, in \u001b[0;36m_assert_stacked_square\u001b[0;34m(*arrays)\u001b[0m\n\u001b[1;32m    211\u001b[0m m, n \u001b[38;5;241m=\u001b[39m a\u001b[38;5;241m.\u001b[39mshape[\u001b[38;5;241m-\u001b[39m\u001b[38;5;241m2\u001b[39m:]\n\u001b[1;32m    212\u001b[0m \u001b[38;5;28;01mif\u001b[39;00m m \u001b[38;5;241m!=\u001b[39m n:\n\u001b[0;32m--> 213\u001b[0m     \u001b[38;5;28;01mraise\u001b[39;00m LinAlgError(\u001b[38;5;124m'\u001b[39m\u001b[38;5;124mLast 2 dimensions of the array must be square\u001b[39m\u001b[38;5;124m'\u001b[39m)\n",
      "\u001b[0;31mLinAlgError\u001b[0m: Last 2 dimensions of the array must be square"
     ]
    }
   ],
   "source": [
    "np.linalg.inv(aaa)"
   ]
  },
  {
   "cell_type": "markdown",
   "id": "364da0c7",
   "metadata": {},
   "source": [
    "We get a Traceback error because (not surprisingly) the matrix ``aaa`` is not a square matrix.   SVD allows us to work around that.  \n",
    "\n",
    "The SVD of a matrix leaves:\n",
    "\n",
    "$\\textbf{A}$ = $\\textbf{U}$ ${\\Sigma}$ $\\textbf{V}$$^{T}$\n",
    "\n",
    "What if we try to do the inversion in \"SVD space\"?  I.e.\n",
    "\n",
    "($\\textbf{U}$ ${\\Sigma}$ $\\textbf{V}$$^{T}$)$^{-1}$\n",
    "\n",
    "Well, first remember matrix rules.   Specifically ...\n",
    "\n",
    "($\\textbf{U}$ ${\\Sigma}$ $\\textbf{V}$$^{T}$)$^{-1}$ --> ($\\textbf{V}$$^{T}$)$^{-1}$${\\Sigma}$$^{-1}$$\\textbf{U}^{-1}$ \n",
    "\n",
    "second, from item 3) above, that the inverse and transpose of an orthogonal matrix is the same thing and both $U$ and $V$ are orthogonal matrices.   So ($\\textbf{V}$$^{T}$)$^{-1}$ --> $\\textbf{V}$.  Thus, $\\textbf{V}$${\\Sigma}$$^{-1}$$\\textbf{U}^{-1}$ .\n",
    "\n",
    "Hence,\n",
    "\n",
    "the \"inverse\", or more accurately the Moore-Penrose _pseudoinverse_ (yes, _that_ Penrose), of the SVD'd version of $\\textbf{A}$ is \n",
    "\n",
    "$A^{\\dagger}$ = $\\textbf{V}$$\\Sigma^{-1}$$\\textbf{U}^{T}$.\n",
    "\n",
    "The function to compute the pseudoinverse in NumPy is ``np.linalg.pinv``.  For SciPy, it is ``scipy.linalg.pinv``.  "
   ]
  },
  {
   "cell_type": "markdown",
   "id": "d93a8258",
   "metadata": {},
   "source": [
    "Now, hold on ... we started this section talking about how we cannot directly invert a non-square matrix.  Yet we are still effectively tasked with that because $\\Sigma$ has dimensions $m$x$n$, while $U$ is $m$x$m$ and $V^{T}$ is $n$x$n$.   If $m$ isn't the same as $n$ we don't have a square matrix.  So not invertible, right?   \n",
    "\n",
    "Not exactly ... again, we are dealing with a _pseudo-inversion_ but the consequence is very much what we want. \n",
    "\n",
    "The easiest way to figure out how Python works around this the square matrix problem by looking at the ``np.linalg.pinv`` source code itself (annotated a bit by me)\n",
    "\n",
    "```\n",
    "def pinv(a, rcond=1e-15, hermitian=False):\n",
    "    a, wrap = _makearray(a)\n",
    "    rcond = np.asarray(rcond)\n",
    "    if _is_empty_2d(a):\n",
    "        m, n = a.shape[-2:]\n",
    "        res = np.empty(a.shape[:-2] + (n, m), dtype=a.dtype)\n",
    "        return wrap(res)\n",
    "    a = a.conjugate()\n",
    "    u, s, vt = svd(a, full_matrices=False)\n",
    "\n",
    "    # discard small singular values\n",
    "    cutoff = rcond[..., np.newaxis] * np.amax(s, axis=-1, keepdims=True)\n",
    "    large = s > cutoff\n",
    "    s = np.divide(1, s, where=large, out=s)\n",
    "    s[~large] = 0\n",
    "\n",
    "    res = np.matmul(np.transpose(vt), np.multiply(s[..., np.newaxis], np.transpose(u)))\n",
    "    return wrap(res)\n",
    "    \n",
    "    \n",
    "def _makearray(a):\n",
    "    new = np.asarray(a)\n",
    "    wrap = getattr(a, \"__array_prepare__\", new.__array_wrap__)\n",
    "    return new, wrap\n",
    "\n",
    "```"
   ]
  },
  {
   "cell_type": "markdown",
   "id": "767f9004",
   "metadata": {},
   "source": [
    "Basically, here is what we do ... we compute the SVD of the original matrix, do some Python trickery to turn single numbers into arrays, take 1 over each value for $\\Sigma$ (which is what the inverse actually does) and then  _truncate_ the matrix $\\Sigma$: setting all values to 0 that are below our _rcond_ number _relative to the largest singular value.  \n",
    "\n",
    "The ``res`` part is the trickiest, arguably, and it is easiest to go right to left.  First, we do ``s[...,np.newaxis]``.  The ellipsis means something like \"for all dimensions except ___\".   E.g. in a 2x2x2x2 matrix called \"largematrix\", ``largematrix[...,0]`` will retain all first row elements in the 4th dimension.   It really doesn't do much here in practical terms, though, as the syntax is equivalent to ``s = s[:,np.newaxis]``, which gives us a (4,1) array:"
   ]
  },
  {
   "cell_type": "code",
   "execution_count": 26,
   "id": "959429a3",
   "metadata": {},
   "outputs": [
    {
     "data": {
      "text/plain": [
       "(4, 1)"
      ]
     },
     "execution_count": 26,
     "metadata": {},
     "output_type": "execute_result"
    }
   ],
   "source": [
    "\n",
    "s_version2=s[...,np.newaxis]\n",
    "s_version2.shape\n",
    "#(4,1)\n",
    "#s.shape"
   ]
  },
  {
   "cell_type": "markdown",
   "id": "2cdce1d9",
   "metadata": {},
   "source": [
    "Then we multiply this vector by the transpose of u (which has shape (4,5)), yielding a matrix with dimensions (4,5).   "
   ]
  },
  {
   "cell_type": "markdown",
   "id": "4baf1d86",
   "metadata": {},
   "source": [
    "```right_matrix=np.multiply(s[...,np.newaxis],np.transpose(u))```"
   ]
  },
  {
   "cell_type": "markdown",
   "id": "c4bcab05",
   "metadata": {},
   "source": [
    "Then multiply the transpose of $V^{T}$ (which is just $V$) by this (4,5) matrix.   \n",
    "\n",
    "```\n",
    "pseudo_inv=np.matmul(np.transpose(vt),right_matrix)\n",
    "pseudo_inv.shape\n",
    "#(4,5)\n",
    "```\n",
    "\n",
    "This yields a (4,5) matrix.  As our original matrix is (5,4), dimensionally this works out as a matrix that has been (pseudo-)inverted.\n",
    "\n",
    "The full code comparing the canned pseudo-inverse from NumPy with our \"manual\" version is ``def ex1`` in the script ``svd_pinv_demo.py`` (remember, to run do ``from svd_pinv_demo import ex1; ex1()``).\n",
    "\n",
    "We repeat it here for completeness:"
   ]
  },
  {
   "cell_type": "code",
   "execution_count": 27,
   "id": "8589738d",
   "metadata": {},
   "outputs": [
    {
     "name": "stdout",
     "output_type": "stream",
     "text": [
      "the NumPy-produced inverted matrix is \n",
      "\n",
      "[[-2.30000000e-01 -1.45000000e-01 -6.00000000e-02  2.50000000e-02\n",
      "   1.10000000e-01]\n",
      " [-8.50000000e-02 -5.25000000e-02 -2.00000000e-02  1.25000000e-02\n",
      "   4.50000000e-02]\n",
      " [ 6.00000000e-02  4.00000000e-02  2.00000000e-02 -2.48040464e-17\n",
      "  -2.00000000e-02]\n",
      " [ 2.05000000e-01  1.32500000e-01  6.00000000e-02 -1.25000000e-02\n",
      "  -8.50000000e-02]]\n",
      "new is  [[ 1  2  3  4]\n",
      " [ 5  6  7  8]\n",
      " [ 9 10 11 12]\n",
      " [13 14 15 16]\n",
      " [17 18 19 20]]\n",
      "the manually-produced inverted matrix is \n",
      "\n",
      "aaa_inv2 is  [[-2.30000000e-01 -1.45000000e-01 -6.00000000e-02  2.50000000e-02\n",
      "   1.10000000e-01]\n",
      " [-8.50000000e-02 -5.25000000e-02 -2.00000000e-02  1.25000000e-02\n",
      "   4.50000000e-02]\n",
      " [ 6.00000000e-02  4.00000000e-02  2.00000000e-02 -2.48040464e-17\n",
      "  -2.00000000e-02]\n",
      " [ 2.05000000e-01  1.32500000e-01  6.00000000e-02 -1.25000000e-02\n",
      "  -8.50000000e-02]]\n",
      "\n",
      "the residuals are ...\n",
      "[[0. 0. 0. 0. 0.]\n",
      " [0. 0. 0. 0. 0.]\n",
      " [0. 0. 0. 0. 0.]\n",
      " [0. 0. 0. 0. 0.]]\n"
     ]
    }
   ],
   "source": [
    "def ex1():\n",
    "\n",
    "\n",
    " aaa=np.array([[1,2,3,4],[5,6,7,8],[9,10,11,12],[13,14,15,16],[17,18,19,20]])\n",
    "\n",
    "\n",
    "#with np.linalg.svd\n",
    "\n",
    " aaa_inv=np.linalg.pinv(aaa)\n",
    "\n",
    " print(\"the NumPy-produced inverted matrix is \\n\")\n",
    " print(aaa_inv)\n",
    "\n",
    " \n",
    "#manual version\n",
    "\n",
    " new = np.asarray(aaa) #not really needed but we are following the NumPy syntax\n",
    "\n",
    "# wrap = getattr(aaa, \"__array_prepare__\", new.__array_wrap__) ### def not needed to demonstrate the point\n",
    "\n",
    " rcond=1e-15 #default value for pseudo-inverse\n",
    " rcond=np.asarray(rcond)\n",
    " print('new is ',new)\n",
    " #new = new.conjugate() #this is useful if you have complex numbers, otherwise not needed here)\n",
    "\n",
    "#taking the SVD\n",
    " u,s,vt=np.linalg.svd(new,full_matrices=False)\n",
    "\n",
    " #print(u.shape,s.shape,vt.shape)\n",
    " cutoff = rcond[..., np.newaxis] * np.amax(s, axis=-1, keepdims=True)\n",
    "\n",
    " large = s > cutoff\n",
    " s = np.divide(1, s, where=large, out=s)\n",
    " s[~large] = 0\n",
    "\n",
    " s_version2=s[...,np.newaxis]\n",
    "\n",
    " right_matrix=np.multiply(s_version2,np.transpose(u))\n",
    "\n",
    " aaa_inv2=np.matmul(vt.T,right_matrix)\n",
    "\n",
    " print(\"the manually-produced inverted matrix is \\n\")\n",
    " print('aaa_inv2 is ',aaa_inv2)\n",
    " print('')\n",
    " print(\"the residuals are ...\")\n",
    " print(aaa_inv2-aaa_inv)\n",
    " \n",
    "\n",
    "\n",
    "\n",
    "ex1()"
   ]
  },
  {
   "cell_type": "markdown",
   "id": "63f63015",
   "metadata": {},
   "source": [
    "### Truncated SVD in Python; Matrix Condition Number and Matrix Rank/Null Space\n",
    "\n",
    " To do a head-to-head comparison with a direct inverse, let's make a 4 by 4 matrix and compare a direct inversion with an SVD.  This is described in ``def ex2():``, and we repeat the most important lines here.\n",
    " "
   ]
  },
  {
   "cell_type": "code",
   "execution_count": 28,
   "id": "99d43d05",
   "metadata": {},
   "outputs": [
    {
     "name": "stdout",
     "output_type": "stream",
     "text": [
      "[[ 1.1   2.2   3.3   4.4 ]\n",
      " [ 5.5   6.6   7.7   8.7 ]\n",
      " [ 9.98 10.1  11.11 12.12]\n",
      " [13.   14.   15.   16.  ]]\n"
     ]
    }
   ],
   "source": [
    "aaa=np.array([[1.1,2.2,3.3,4.4],[5.5,6.6,7.7,8.7],[9.98,10.1,11.11,12.12],[13,14,15,16],[17,18,19,20]])\n",
    "aaa=aaa[:4,:] #making a 4x4 matrix\n",
    "\n",
    "print(aaa)\n",
    "#[[ 1.1   2.2   3.3   4.4 ]\n",
    "# [ 5.5   6.6   7.7   8.7 ]\n",
    "# [ 9.98 10.1  11.11 12.12]\n",
    "# [13.   14.   15.   16.  ]]\n",
    " "
   ]
  },
  {
   "cell_type": "code",
   "execution_count": 29,
   "id": "75b94b7c",
   "metadata": {},
   "outputs": [
    {
     "name": "stdout",
     "output_type": "stream",
     "text": [
      "the straightforward inverse yields\n",
      "[[-3.43888321e-01 -2.18628534e-15  1.12359551e+00 -7.56554307e-01]\n",
      " [ 6.21807967e+00 -1.00000000e+01 -2.24719101e+00  5.42977528e+00]\n",
      " [-1.26166156e+01  2.00000000e+01  1.12359551e+00 -8.25655431e+00]\n",
      " [ 6.66666667e+00 -1.00000000e+01  2.03556881e-14  3.66666667e+00]]\n",
      "\n",
      "the NumPy pseudo-inverse yields\n",
      "[[-3.43888321e-01 -2.57494943e-14  1.12359551e+00 -7.56554307e-01]\n",
      " [ 6.21807967e+00 -1.00000000e+01 -2.24719101e+00  5.42977528e+00]\n",
      " [-1.26166156e+01  2.00000000e+01  1.12359551e+00 -8.25655431e+00]\n",
      " [ 6.66666667e+00 -1.00000000e+01 -1.90050231e-14  3.66666667e+00]]\n",
      "\n",
      "the manual pseudo-inverse yields\n",
      "[[-3.43888321e-01 -2.57494943e-14  1.12359551e+00 -7.56554307e-01]\n",
      " [ 6.21807967e+00 -1.00000000e+01 -2.24719101e+00  5.42977528e+00]\n",
      " [-1.26166156e+01  2.00000000e+01  1.12359551e+00 -8.25655431e+00]\n",
      " [ 6.66666667e+00 -1.00000000e+01 -1.90050231e-14  3.66666667e+00]]\n",
      "\n",
      "the difference between the straightforward inverse and NumPy pseudo-inverse are\n",
      "3.8902214782865485e-13\n"
     ]
    }
   ],
   "source": [
    "def ex2(rcond=1e-15):\n",
    "\n",
    "#newer array\n",
    " aaa=np.array([[1.1,2.2,3.3,4.4],[5.5,6.6,7.7,8.7],[9.98,10.1,11.11,12.12],[13,14,15,16],[17,18,19,20]])\n",
    "\n",
    "#original array\n",
    " #aaa=np.array([[1,2,3,4],[5,6,7,8],[9,10,11,12],[13,14,15,16],[17,18,19,20]])\n",
    "\n",
    " aaa=aaa[:4,:] #chopping off last row, making a 4x4 matrix\n",
    "\n",
    "#a straight inverse\n",
    "\n",
    " aaa_invreg=np.linalg.inv(aaa)\n",
    "\n",
    "#with np.linalg.svd\n",
    "\n",
    " aaa_inv=np.linalg.pinv(aaa)\n",
    "\n",
    "#manually\n",
    "\n",
    " new = np.asarray(aaa)\n",
    "# wrap = getattr(aaa, \"__array_prepare__\", new.__array_wrap__)\n",
    "\n",
    "#rcond is now pushed to a keyword\n",
    "\n",
    " rcond=np.asarray(rcond)\n",
    " new = new.conjugate()\n",
    "\n",
    "#taking the SVD\n",
    " u,s,vt=np.linalg.svd(new,full_matrices=False)\n",
    "\n",
    " cutoff = rcond[..., np.newaxis] * np.amax(s, axis=-1, keepdims=True)\n",
    "\n",
    " #print('cutoff is',cutoff)\n",
    " #print('s is ',s)\n",
    " #print(rcond*s,rcond*np.amax(s,axis=-1,keepdims=True))\n",
    "\n",
    " large = s > cutoff\n",
    " s = np.divide(1, s, where=large, out=s)\n",
    " s[~large] = 0\n",
    "\n",
    " s_version2=s[...,np.newaxis]\n",
    "\n",
    " right_matrix=np.multiply(s_version2,np.transpose(u))\n",
    "\n",
    " aaa_inv2=np.matmul(vt.T,right_matrix)\n",
    "\n",
    " print(\"the straightforward inverse yields\")\n",
    " print(aaa_invreg)\n",
    " print('')\n",
    " print(\"the NumPy pseudo-inverse yields\")\n",
    " print(aaa_inv)\n",
    " print('')\n",
    " print(\"the manual pseudo-inverse yields\")\n",
    " print(aaa_inv2)\n",
    " print('')\n",
    " print(\"the difference between the straightforward inverse and NumPy pseudo-inverse are\")\n",
    " print(np.max(aaa_invreg-aaa_inv))\n",
    "\n",
    " #print(\"difference bt manual and NumPy \",aaa_inv-aaa_inv2)\n",
    "\n",
    "ex2()"
   ]
  },
  {
   "cell_type": "markdown",
   "id": "454ba912",
   "metadata": {},
   "source": [
    "Then compute the difference between NumPy's regular inverse, its pseudo-inverse, and a manual pseudo-inverse."
   ]
  },
  {
   "cell_type": "markdown",
   "id": "d055693f",
   "metadata": {},
   "source": [
    "This is tiny, comparable to the machine precision.\n",
    "\n",
    "But now let's do a slightly different matrix: a 91x91 element matrix of random numbers.  ``aaa=np.random.rand(91,91)``.  The matrix (and thus the inverse) will be different each time, but let's report the minimum and maximum singular value from the $\\Sigma$ diagonal matrix.  This is contained in the ``ex3`` function code"
   ]
  },
  {
   "cell_type": "code",
   "execution_count": 31,
   "id": "bc546e88",
   "metadata": {},
   "outputs": [
    {
     "name": "stdout",
     "output_type": "stream",
     "text": [
      "[4.56862565e-14 5.66160412e-15 5.23128549e-15 5.06574402e-15\n",
      " 4.90586089e-15 4.86841315e-15 4.73007824e-15 4.61224808e-15\n",
      " 4.58307609e-15 4.54588022e-15 4.45160426e-15 4.38481367e-15\n",
      " 4.22556677e-15 4.13469304e-15 4.10366802e-15 4.04139567e-15\n",
      " 3.97366531e-15 3.90615485e-15 3.78101601e-15 3.76818813e-15\n",
      " 3.67709867e-15 3.63400260e-15 3.58101535e-15 3.53915735e-15\n",
      " 3.44842682e-15 3.41904907e-15 3.38400689e-15 3.29564928e-15\n",
      " 3.22916872e-15 3.19787370e-15 3.19270538e-15 3.04227006e-15\n",
      " 3.02350593e-15 2.94800645e-15 2.85353781e-15 2.76396150e-15\n",
      " 2.73320929e-15 2.72077763e-15 2.65525441e-15 2.60489221e-15\n",
      " 2.48865143e-15 2.42978699e-15 2.38722291e-15 2.33604161e-15\n",
      " 2.24724476e-15 2.22390807e-15 2.16468811e-15 2.11611398e-15\n",
      " 2.08735772e-15 1.99752255e-15 1.96229399e-15 1.90632980e-15\n",
      " 1.84844728e-15 1.80366114e-15 1.74480385e-15 1.72112438e-15\n",
      " 1.68269754e-15 1.63428584e-15 1.57839571e-15 1.52839982e-15\n",
      " 1.50457202e-15 1.44159602e-15 1.42180035e-15 1.35395204e-15\n",
      " 1.28353836e-15 1.19077913e-15 1.16401709e-15 1.12452355e-15\n",
      " 1.03408720e-15 9.96592988e-16 9.63853026e-16 8.91716915e-16\n",
      " 8.65559758e-16 8.18900704e-16 7.68319299e-16 7.37834703e-16\n",
      " 6.97543166e-16 6.18722132e-16 5.81458849e-16 5.17043571e-16\n",
      " 4.66346528e-16 4.24595578e-16 4.10096197e-16 3.46684805e-16\n",
      " 2.68216355e-16 2.15290202e-16 2.06585332e-16 1.73774688e-16\n",
      " 1.01211071e-16 6.40668618e-17 2.99572676e-17] [4.56862565e-14]\n",
      "[45.68625652]\n",
      "[0.02995727]\n"
     ]
    },
    {
     "data": {
